0 0.329688 0.500000 0.178125 0.550000
0 0.833594 0.581250 0.251563 0.681250
0 0.160938 0.493750 0.150000 0.484375
0 0.535937 0.634375 0.240625 0.146875
0 0.533594 0.475000 0.145313 0.175000
0 0.761719 0.464844 0.117188 0.382812
0 0.542188 0.927344 0.253125 0.142187
1 0.850000 0.283594 0.109375 0.082812
1 0.756250 0.303125 0.056250 0.059375
1 0.225000 0.270313 0.059375 0.050000
1 0.442969 0.596875 0.051562 0.065625
1 0.478125 0.412500 0.037500 0.043750
1 0.337500 0.262500 0.090625 0.075000
1 0.184375 0.281250 0.068750 0.056250
5 0.164062 0.721875 0.068750 0.031250
5 0.353125 0.753125 0.075000 0.040625
6 0.855469 0.512500 0.204687 0.340625
6 0.148438 0.418750 0.131250 0.212500
6 0.318750 0.410938 0.156250 0.231250
6 0.546875 0.607812 0.187500 0.081250
6 0.550000 0.442969 0.103125 0.089063
6 0.761719 0.412500 0.082812 0.146875
6 0.550000 0.943750 0.181250 0.081250
1 0.442969 0.956250 0.042188 0.078125
