0 0.345313 0.665625 0.068750 0.215625
0 0.083594 0.643750 0.054688 0.150000
0 0.243750 0.646094 0.053125 0.126562
0 0.340625 0.937500 0.059375 0.125000
0 0.646094 0.409375 0.057813 0.162500
1 0.345313 0.571875 0.028125 0.025000
1 0.086719 0.581250 0.023438 0.021875
1 0.659375 0.339844 0.021875 0.017188
1 0.234375 0.590625 0.018750 0.018750
5 0.321875 0.759375 0.018750 0.025000
5 0.353125 0.759375 0.018750 0.025000
7 0.342969 0.673438 0.070312 0.159375
7 0.083594 0.654687 0.051562 0.121875
7 0.239844 0.652344 0.045312 0.098437
6 0.652344 0.392188 0.048438 0.075000
