0 0.532813 0.662500 0.137500 0.400000
0 0.746094 0.649219 0.179688 0.442188
0 0.230469 0.625000 0.139063 0.425000
0 0.301563 0.615625 0.090625 0.415625
0 0.389844 0.659375 0.151562 0.465625
0 0.675000 0.658594 0.100000 0.410938
1 0.549219 0.485938 0.057813 0.043750
1 0.371875 0.450000 0.062500 0.046875
1 0.756250 0.455469 0.075000 0.054688
1 0.693750 0.475000 0.059375 0.043750
1 0.255469 0.434375 0.060937 0.043750
1 0.296094 0.425000 0.045312 0.034375
5 0.542969 0.849219 0.048438 0.026562
5 0.395313 0.874219 0.037500 0.039062
5 0.496875 0.840625 0.025000 0.031250
5 0.664844 0.846875 0.026562 0.034375
5 0.305469 0.808594 0.020313 0.023438
