0 0.310000 0.722667 0.160000 0.554667
0 0.053000 0.710667 0.102000 0.573333
0 0.535000 0.674667 0.110000 0.442667
0 0.652000 0.654667 0.100000 0.381333
0 0.804000 0.634667 0.096000 0.362667
0 0.717000 0.610667 0.070000 0.304000
1 0.314000 0.470667 0.060000 0.050667
1 0.045000 0.458667 0.086000 0.064000
1 0.534000 0.474667 0.040000 0.042667
1 0.810000 0.470667 0.036000 0.034667
1 0.706000 0.478667 0.032000 0.034667
1 0.731000 0.478667 0.030000 0.034667
1 0.651000 0.486667 0.030000 0.040000
1 0.767000 0.482667 0.022000 0.026667
2 0.315000 0.730667 0.030000 0.042667
5 0.560000 0.830667 0.028000 0.045333
5 0.362000 0.942667 0.052000 0.066667
5 0.507000 0.874667 0.050000 0.032000
5 0.686000 0.794667 0.028000 0.048000
5 0.789000 0.778667 0.026000 0.016000
5 0.821000 0.806667 0.026000 0.018667
5 0.620000 0.830667 0.028000 0.029333
5 0.257000 0.994667 0.054000 0.010667
5 0.759000 0.726667 0.014000 0.018667
5 0.722000 0.750667 0.024000 0.029333
6 0.043000 0.662667 0.086000 0.296000
6 0.302000 0.654667 0.108000 0.258667
6 0.532000 0.602667 0.092000 0.181333
6 0.641000 0.602667 0.070000 0.149333
6 0.709000 0.578667 0.054000 0.133333
6 0.811000 0.578667 0.058000 0.133333
