0 0.825000 0.528000 0.142000 0.165333
0 0.416000 0.695333 0.168000 0.292000
0 0.469000 0.132667 0.138000 0.174667
0 0.497000 0.386000 0.098000 0.172000
1 0.359000 0.568667 0.046000 0.036000
1 0.826000 0.460000 0.040000 0.024000
1 0.500000 0.058667 0.044000 0.026667
1 0.477000 0.310000 0.034000 0.017333
5 0.812000 0.604000 0.032000 0.016000
5 0.363000 0.826667 0.058000 0.029333
5 0.880000 0.587333 0.020000 0.017333
5 0.438000 0.160667 0.044000 0.014667
5 0.456000 0.210667 0.024000 0.018667
5 0.498000 0.182000 0.020000 0.030667
7 0.830000 0.536667 0.116000 0.121333
7 0.468000 0.132667 0.140000 0.174667
7 0.412000 0.686667 0.152000 0.205333
7 0.500000 0.390000 0.076000 0.148000
