0 0.845000 0.646617 0.270000 0.706767
0 0.050000 0.631579 0.095000 0.578947
0 0.246250 0.505639 0.147500 0.349624
0 0.471250 0.593985 0.307500 0.812030
1 0.572500 0.283835 0.080000 0.124060
1 0.031250 0.375940 0.047500 0.052632
1 0.831250 0.349624 0.102500 0.112782
1 0.270000 0.351504 0.045000 0.041353
2 0.598750 0.703008 0.042500 0.097744
2 0.737500 0.725564 0.055000 0.075188
2 0.343750 0.240602 0.057500 0.105263
5 0.591250 0.937970 0.067500 0.056391
5 0.381250 0.971805 0.042500 0.056391
5 0.035000 0.894737 0.070000 0.045113
5 0.078750 0.723684 0.042500 0.026316
7 0.495000 0.593985 0.255000 0.593985
