0 0.659375 0.596875 0.140625 0.550000
0 0.083594 0.607812 0.145313 0.559375
0 0.887500 0.625000 0.146875 0.725000
0 0.534375 0.593750 0.131250 0.550000
0 0.234375 0.578125 0.115625 0.490625
0 0.354687 0.589844 0.131250 0.585938
5 0.885938 0.964063 0.062500 0.046875
5 0.846094 0.909375 0.057813 0.034375
5 0.278125 0.798438 0.025000 0.034375
5 0.134375 0.834375 0.043750 0.025000
5 0.387500 0.849219 0.025000 0.035937
5 0.228125 0.806250 0.037500 0.031250
5 0.571094 0.852344 0.023438 0.029687
5 0.081250 0.871875 0.028125 0.028125
5 0.508594 0.821875 0.039062 0.071875
5 0.677344 0.849219 0.039062 0.039062
5 0.340625 0.862500 0.025000 0.037500
5 0.650000 0.849219 0.034375 0.042188
