0 0.252000 0.587021 0.400000 0.825959
0 0.553000 0.607670 0.262000 0.672566
0 0.068000 0.648968 0.132000 0.637168
0 0.377000 0.604720 0.106000 0.471976
1 0.279000 0.258112 0.142000 0.168142
1 0.364000 0.395280 0.060000 0.058997
1 0.646000 0.331858 0.072000 0.120944
1 0.084000 0.365782 0.068000 0.070796
2 0.127000 0.467552 0.066000 0.132743
2 0.426000 0.452802 0.040000 0.079646
2 0.452000 0.414454 0.060000 0.079646
5 0.049000 0.914454 0.054000 0.100295
5 0.108000 0.856932 0.044000 0.050147
5 0.641000 0.924779 0.058000 0.038348
5 0.357000 0.803835 0.034000 0.032448
5 0.410000 0.818584 0.032000 0.044248
7 0.546000 0.615044 0.244000 0.616519
7 0.241000 0.648968 0.374000 0.696165
