0 0.173000 0.452239 0.166000 0.647761
0 0.834000 0.497015 0.188000 0.719403
0 0.650000 0.431343 0.112000 0.492537
0 0.354000 0.456716 0.152000 0.650746
0 0.761000 0.450746 0.118000 0.543284
0 0.508000 0.529851 0.156000 0.808955
1 0.181000 0.153731 0.054000 0.056716
1 0.646000 0.214925 0.044000 0.053731
1 0.331000 0.165672 0.058000 0.068657
1 0.476000 0.171642 0.072000 0.086567
1 0.837000 0.171642 0.070000 0.068657
1 0.792000 0.205970 0.044000 0.053731
5 0.770000 0.792537 0.060000 0.038806
5 0.137000 0.755224 0.042000 0.041791
5 0.843000 0.834328 0.030000 0.038806
5 0.241000 0.720896 0.026000 0.038806
5 0.725000 0.704478 0.046000 0.029851
5 0.468000 0.862687 0.048000 0.065672
5 0.504000 0.901493 0.048000 0.053731
5 0.346000 0.740299 0.048000 0.041791
5 0.388000 0.762687 0.024000 0.038806
5 0.648000 0.661194 0.028000 0.032836
7 0.177000 0.480597 0.162000 0.519403
7 0.764000 0.486567 0.108000 0.447761
