0 0.868000 0.680303 0.152000 0.639394
0 0.712000 0.686364 0.156000 0.627273
0 0.939000 0.689394 0.114000 0.621212
0 0.313000 0.506061 0.086000 0.254545
0 0.749000 0.500000 0.118000 0.393939
0 0.790000 0.446970 0.084000 0.209091
0 0.957000 0.569697 0.086000 0.460606
0 0.957000 0.480303 0.086000 0.281818
0 0.542000 0.501515 0.124000 0.306061
0 0.542000 0.671212 0.124000 0.645455
0 0.373000 0.460606 0.066000 0.254545
1 0.940000 0.359091 0.048000 0.039394
1 0.722000 0.330303 0.064000 0.054545
1 0.296000 0.418182 0.056000 0.072727
1 0.858000 0.400000 0.092000 0.078788
1 0.458000 0.378788 0.064000 0.078788
1 0.707000 0.410606 0.082000 0.075758
1 0.913000 0.418182 0.042000 0.078788
1 0.364000 0.369697 0.040000 0.072727
1 0.772000 0.368182 0.048000 0.051515
1 0.406000 0.366667 0.060000 0.078788
1 0.522000 0.387879 0.072000 0.072727
1 0.493000 0.357576 0.042000 0.054545
