0 0.333000 0.554217 0.230000 0.572289
0 0.966000 0.555723 0.068000 0.201807
0 0.733000 0.459337 0.130000 0.551205
1 0.972000 0.481928 0.044000 0.054217
1 0.703000 0.221386 0.054000 0.069277
1 0.414000 0.320783 0.060000 0.081325
2 0.350000 0.442771 0.052000 0.048193
2 0.714000 0.365964 0.020000 0.045181
2 0.262000 0.299699 0.080000 0.063253
2 0.724000 0.486446 0.032000 0.057229
5 0.776000 0.688253 0.024000 0.045181
5 0.683000 0.671687 0.026000 0.030120
5 0.261000 0.823795 0.046000 0.027108
7 0.341000 0.569277 0.206000 0.518072
7 0.737000 0.478916 0.130000 0.433735
