0 0.591000 0.512465 0.174000 0.576177
0 0.902000 0.470914 0.116000 0.642659
0 0.708000 0.534626 0.160000 0.587258
0 0.773000 0.519391 0.210000 0.756233
1 0.790000 0.180055 0.084000 0.083102
1 0.749000 0.285319 0.078000 0.083102
1 0.886000 0.188366 0.068000 0.072022
1 0.608000 0.271468 0.076000 0.094183
2 0.747000 0.565097 0.046000 0.066482
2 0.572000 0.421053 0.064000 0.049861
2 0.646000 0.556787 0.048000 0.044321
2 0.694000 0.562327 0.032000 0.066482
5 0.705000 0.865651 0.074000 0.036011
5 0.609000 0.772853 0.050000 0.033241
5 0.530000 0.778393 0.044000 0.038781
5 0.818000 0.883657 0.040000 0.027701
7 0.785000 0.567867 0.186000 0.637119
7 0.593000 0.519391 0.170000 0.445983
7 0.902000 0.477839 0.112000 0.468144
