0 0.665272 0.304281 0.100418 0.370031
0 0.281381 0.299694 0.106695 0.373089
0 0.780335 0.860856 0.092050 0.272171
0 0.033473 0.857798 0.066946 0.284404
0 0.971757 0.882263 0.052301 0.235474
0 0.341004 0.839450 0.075314 0.321101
0 0.873431 0.833333 0.106695 0.327217
0 0.418410 0.860856 0.087866 0.272171
1 0.285565 0.136086 0.035565 0.039755
1 0.884937 0.692661 0.037657 0.039755
1 0.342050 0.700306 0.035565 0.036697
1 0.646444 0.139144 0.033473 0.033639
1 0.776151 0.842508 0.033473 0.045872
1 0.422594 0.840979 0.029289 0.048930
2 0.050209 0.915902 0.016736 0.027523
2 0.342050 0.871560 0.018828 0.030581
2 0.371339 0.880734 0.014644 0.030581
2 0.259414 0.174312 0.016736 0.030581
2 0.956067 0.951070 0.012552 0.024465
5 0.242678 0.405199 0.025105 0.027523
5 0.693515 0.472477 0.043933 0.027523
5 0.273013 0.472477 0.043933 0.021407
5 0.649582 0.477064 0.039749 0.024465
7 0.281381 0.321101 0.106695 0.324159
7 0.662134 0.325688 0.098326 0.321101
7 0.417364 0.880734 0.085774 0.238532
