0 0.256000 0.702667 0.100000 0.354667
0 0.931000 0.660000 0.078000 0.280000
0 0.352000 0.690667 0.072000 0.352000
0 0.456000 0.694667 0.076000 0.333333
0 0.598000 0.686667 0.088000 0.312000
0 0.813000 0.658667 0.070000 0.293333
0 0.115000 0.686667 0.106000 0.381333
0 0.765000 0.678667 0.082000 0.290667
0 0.687000 0.658667 0.086000 0.314667
5 0.143000 0.862667 0.042000 0.018667
5 0.287000 0.862667 0.034000 0.018667
5 0.346000 0.858667 0.028000 0.021333
5 0.657000 0.810667 0.026000 0.016000
5 0.097000 0.866667 0.026000 0.021333
5 0.737000 0.806667 0.026000 0.018667
5 0.370000 0.848000 0.032000 0.016000
5 0.694000 0.806667 0.024000 0.018667
5 0.584000 0.822667 0.020000 0.018667
5 0.773000 0.814667 0.018000 0.018667
5 0.791000 0.794667 0.022000 0.010667
5 0.452000 0.850667 0.040000 0.021333
5 0.250000 0.870667 0.028000 0.018667
5 0.616000 0.832000 0.024000 0.016000
