0 0.116000 0.808605 0.188000 0.382789
0 0.608000 0.823442 0.116000 0.347181
0 0.959000 0.885757 0.082000 0.228487
0 0.398000 0.772997 0.176000 0.448071
0 0.235000 0.783383 0.218000 0.433234
1 0.947000 0.796736 0.058000 0.050445
1 0.121000 0.643917 0.046000 0.053412
1 0.243000 0.599407 0.050000 0.059347
1 0.417000 0.581602 0.050000 0.065282
1 0.594000 0.682493 0.044000 0.059347
2 0.335000 0.626113 0.018000 0.035608
2 0.198000 0.639466 0.024000 0.038576
6 0.088000 0.747774 0.084000 0.166172
6 0.245000 0.713650 0.098000 0.175074
6 0.965000 0.905045 0.066000 0.148368
