0 0.246000 0.394667 0.112000 0.426667
0 0.380000 0.366667 0.072000 0.338667
0 0.140000 0.442667 0.140000 0.565333
0 0.095000 0.382667 0.070000 0.429333
1 0.251000 0.206667 0.054000 0.045333
1 0.373000 0.214667 0.038000 0.034667
1 0.162000 0.190667 0.068000 0.061333
1 0.104000 0.190667 0.048000 0.040000
2 0.396000 0.390667 0.020000 0.045333
2 0.093000 0.466667 0.034000 0.048000
2 0.183000 0.470667 0.034000 0.040000
2 0.288000 0.406667 0.028000 0.034667
2 0.350000 0.394667 0.012000 0.032000
2 0.281000 0.254667 0.018000 0.029333
5 0.122000 0.702667 0.048000 0.045333
5 0.176000 0.682667 0.064000 0.032000
5 0.224000 0.594667 0.036000 0.026667
