0 0.894000 0.662890 0.120000 0.538244
0 0.126000 0.652975 0.156000 0.694051
0 0.761000 0.610482 0.114000 0.439093
0 0.493000 0.660057 0.166000 0.679887
0 0.343000 0.669972 0.142000 0.660057
0 0.637000 0.654391 0.146000 0.691218
0 0.694000 0.613314 0.080000 0.450425
0 0.228000 0.640227 0.088000 0.532578
0 0.412000 0.610482 0.064000 0.439093
0 0.275000 0.546742 0.046000 0.283286
0 0.552000 0.617564 0.060000 0.458924
1 0.883000 0.412181 0.050000 0.042493
1 0.768000 0.409348 0.040000 0.031161
1 0.679000 0.410765 0.042000 0.039660
1 0.468000 0.349858 0.060000 0.059490
5 0.801000 0.814448 0.034000 0.025496
5 0.926000 0.916431 0.028000 0.031161
5 0.523000 0.974504 0.042000 0.039660
5 0.871000 0.879603 0.046000 0.025496
5 0.721000 0.794618 0.034000 0.031161
5 0.210000 0.886686 0.028000 0.033994
5 0.699000 0.824363 0.026000 0.028329
5 0.460000 0.988669 0.028000 0.022663
5 0.562000 0.831445 0.024000 0.031161
5 0.431000 0.814448 0.026000 0.031161
