0 0.396000 0.387387 0.144000 0.282282
0 0.516000 0.333333 0.092000 0.360360
0 0.884000 0.324324 0.116000 0.534535
0 0.837000 0.306306 0.070000 0.474474
1 0.523000 0.189189 0.042000 0.078078
1 0.404000 0.295796 0.044000 0.081081
1 0.844000 0.103604 0.032000 0.069069
1 0.877000 0.090090 0.050000 0.066066
2 0.369000 0.412913 0.030000 0.039039
2 0.547000 0.355856 0.026000 0.039039
2 0.449000 0.385886 0.034000 0.039039
2 0.845000 0.364865 0.030000 0.045045
2 0.820000 0.325826 0.036000 0.057057
2 0.503000 0.363363 0.018000 0.036036
2 0.368000 0.510511 0.020000 0.036036
5 0.368000 0.510511 0.020000 0.036036
5 0.445000 0.504505 0.046000 0.030030
5 0.503000 0.492492 0.018000 0.036036
5 0.524000 0.486486 0.028000 0.042042
5 0.893000 0.563063 0.074000 0.051051
5 0.846000 0.513514 0.036000 0.030030
5 0.859000 0.546547 0.034000 0.036036
