0 0.070000 0.426667 0.140000 0.700000
0 0.330000 0.425000 0.215000 0.710000
0 0.630000 0.363333 0.135000 0.400000
0 0.712500 0.265000 0.085000 0.343333
0 0.850000 0.396667 0.165000 0.413333
0 0.510000 0.266667 0.095000 0.313333
0 0.562500 0.355000 0.105000 0.370000
1 0.312500 0.128333 0.085000 0.110000
1 0.907500 0.228333 0.050000 0.070000
1 0.021250 0.120000 0.042500 0.093333
1 0.715000 0.116667 0.030000 0.040000
1 0.531250 0.210000 0.042500 0.073333
1 0.797500 0.116667 0.035000 0.040000
1 0.592500 0.196667 0.055000 0.066667
1 0.828750 0.160000 0.047500 0.066667
1 0.847500 0.141667 0.035000 0.050000
2 0.411250 0.391667 0.052500 0.050000
2 0.666250 0.336667 0.022500 0.040000
2 0.845000 0.436667 0.030000 0.046667
2 0.641250 0.390000 0.022500 0.040000
2 0.120000 0.191667 0.035000 0.056667
2 0.717500 0.345000 0.025000 0.050000
2 0.541250 0.405000 0.022500 0.036667
2 0.720000 0.335000 0.020000 0.030000
2 0.100000 0.223333 0.045000 0.040000
5 0.118750 0.753333 0.037500 0.040000
5 0.587500 0.525000 0.025000 0.030000
5 0.711250 0.425000 0.022500 0.023333
5 0.293750 0.761667 0.067500 0.043333
5 0.813750 0.576667 0.037500 0.046667
5 0.861250 0.550000 0.032500 0.040000
5 0.751250 0.531667 0.042500 0.030000
5 0.677500 0.546667 0.040000 0.026667
5 0.631250 0.551667 0.022500 0.030000
7 0.308750 0.480000 0.177500 0.600000
7 0.070000 0.465000 0.135000 0.610000
