0 0.727500 0.738333 0.095000 0.450000
0 0.822500 0.756667 0.145000 0.486667
0 0.947500 0.671667 0.100000 0.376667
0 0.631250 0.711667 0.107500 0.370000
0 0.085000 0.675000 0.170000 0.650000
0 0.482500 0.686667 0.115000 0.420000
0 0.342500 0.681667 0.125000 0.450000
0 0.151250 0.651667 0.097500 0.463333
0 0.451250 0.625000 0.072500 0.376667
0 0.232500 0.665000 0.115000 0.510000
0 0.293750 0.646667 0.067500 0.400000
1 0.831250 0.541667 0.057500 0.056667
5 0.597500 0.885000 0.025000 0.023333
5 0.975000 0.845000 0.030000 0.030000
5 0.746250 0.945000 0.022500 0.030000
5 0.707500 0.920000 0.050000 0.026667
5 0.921250 0.828333 0.032500 0.023333
5 0.778750 0.976667 0.052500 0.026667
5 0.656250 0.875000 0.032500 0.023333
5 0.378750 0.885000 0.042500 0.036667
5 0.437500 0.801667 0.015000 0.023333
5 0.226250 0.908333 0.042500 0.030000
5 0.488750 0.881667 0.017500 0.030000
5 0.293750 0.830000 0.037500 0.026667
5 0.848750 0.990000 0.022500 0.020000
5 0.262500 0.896667 0.055000 0.020000
5 0.990000 0.893333 0.020000 0.020000
5 0.448750 0.880000 0.037500 0.026667
5 0.327500 0.870000 0.020000 0.026667
7 0.151250 0.680000 0.097500 0.400000
