0 0.070000 0.625581 0.117778 0.627907
0 0.926667 0.646512 0.084444 0.511628
0 0.197778 0.616279 0.111111 0.646512
0 0.801111 0.637209 0.073333 0.483721
0 0.341111 0.634884 0.113333 0.627907
0 0.712222 0.620930 0.077778 0.553488
0 0.477778 0.644186 0.102222 0.600000
0 0.650000 0.648837 0.082222 0.553488
0 0.578889 0.651163 0.068889 0.520930
0 0.290000 0.637209 0.051111 0.465116
0 0.408889 0.637209 0.062222 0.474419
0 0.626667 0.630233 0.044444 0.525581
0 0.507778 0.625581 0.060000 0.516279
0 0.538889 0.651163 0.037778 0.446512
1 0.198889 0.330233 0.037778 0.065116
1 0.798889 0.420930 0.028889 0.051163
1 0.070000 0.339535 0.037778 0.055814
1 0.927778 0.416279 0.042222 0.060465
1 0.340000 0.348837 0.040000 0.065116
1 0.300000 0.430233 0.026667 0.041860
1 0.572222 0.418605 0.033333 0.055814
1 0.701111 0.390698 0.033333 0.074419
1 0.452222 0.372093 0.037778 0.055814
1 0.402222 0.425581 0.026667 0.051163
1 0.492222 0.390698 0.028889 0.046512
1 0.537778 0.448837 0.026667 0.051163
1 0.655556 0.404651 0.031111 0.065116
1 0.377778 0.739535 0.017778 0.055814
1 0.631111 0.388372 0.026667 0.051163
2 0.298889 0.700000 0.020000 0.079070
5 0.357778 0.930233 0.022222 0.027907
5 0.911111 0.860465 0.013333 0.055814
5 0.187778 0.916279 0.028889 0.046512
5 0.940000 0.881395 0.022222 0.032558
5 0.495556 0.909302 0.017778 0.032558
5 0.461111 0.930233 0.028889 0.037209
5 0.560000 0.886047 0.022222 0.051163
5 0.218889 0.895349 0.020000 0.060465
5 0.592222 0.886047 0.015556 0.032558
5 0.078889 0.916279 0.020000 0.037209
5 0.317778 0.925581 0.031111 0.027907
5 0.530000 0.855814 0.015556 0.027907
5 0.068889 0.909302 0.008889 0.032558
