0 0.367000 0.434959 0.242000 0.387534
0 0.243000 0.210027 0.098000 0.159892
0 0.579000 0.356369 0.202000 0.609756
0 0.798000 0.516260 0.228000 0.420054
1 0.777000 0.336043 0.070000 0.059621
1 0.279000 0.154472 0.026000 0.043360
1 0.515000 0.098916 0.062000 0.100271
1 0.391000 0.285908 0.058000 0.078591
5 0.328000 0.607046 0.068000 0.043360
5 0.734000 0.693767 0.040000 0.059621
6 0.554000 0.273713 0.156000 0.243902
6 0.763000 0.504065 0.158000 0.211382
6 0.350000 0.420054 0.204000 0.227642
3 0.383000 0.341463 0.050000 0.059621
6 0.228000 0.181572 0.060000 0.092141
5 0.861000 0.642276 0.058000 0.168022
5 0.247000 0.269648 0.050000 0.046070
