0 0.119000 0.609940 0.174000 0.641566
0 0.562000 0.570783 0.100000 0.382530
0 0.898000 0.608434 0.048000 0.162651
0 0.475000 0.584337 0.086000 0.373494
0 0.337000 0.579819 0.098000 0.551205
0 0.600000 0.662651 0.092000 0.168675
1 0.354000 0.337349 0.056000 0.066265
1 0.090000 0.322289 0.076000 0.072289
1 0.461000 0.421687 0.042000 0.042169
1 0.577000 0.397590 0.038000 0.036145
1 0.902000 0.539157 0.016000 0.018072
1 0.628000 0.602410 0.032000 0.042169
2 0.175000 0.543675 0.058000 0.045181
2 0.498000 0.561747 0.024000 0.021084
5 0.167000 0.870482 0.070000 0.048193
5 0.107000 0.909639 0.070000 0.042169
5 0.356000 0.844880 0.056000 0.027108
5 0.532000 0.754518 0.036000 0.015060
5 0.322000 0.835843 0.016000 0.021084
5 0.499000 0.760542 0.038000 0.021084
7 0.565000 0.600904 0.094000 0.322289
7 0.467000 0.614458 0.070000 0.313253
6 0.336000 0.490964 0.096000 0.210843
7 0.102000 0.643072 0.144000 0.515060
7 0.898000 0.620482 0.048000 0.132530
7 0.593000 0.670181 0.070000 0.135542
