0 0.126000 0.655689 0.236000 0.688623
0 0.782000 0.538922 0.104000 0.508982
0 0.426000 0.591317 0.120000 0.547904
0 0.278000 0.634731 0.156000 0.730539
0 0.582000 0.591317 0.112000 0.565868
0 0.729000 0.595808 0.102000 0.514970
0 0.660000 0.601796 0.120000 0.658683
0 0.349000 0.657186 0.106000 0.619760
1 0.143000 0.347305 0.090000 0.077844
1 0.326000 0.387725 0.060000 0.080838
1 0.237000 0.305389 0.078000 0.077844
1 0.415000 0.529940 0.046000 0.077844
1 0.435000 0.585329 0.042000 0.068862
1 0.506000 0.495509 0.048000 0.068862
1 0.527000 0.455090 0.038000 0.059880
5 0.743000 0.827844 0.026000 0.044910
5 0.681000 0.907186 0.050000 0.053892
5 0.444000 0.803892 0.048000 0.032934
5 0.639000 0.886228 0.034000 0.029940
5 0.609000 0.851796 0.030000 0.038922
5 0.415000 0.847305 0.038000 0.035928
5 0.578000 0.826347 0.040000 0.023952
5 0.380000 0.934132 0.040000 0.053892
5 0.788000 0.776946 0.036000 0.032934
