0 0.192000 0.614667 0.120000 0.621333
0 0.898000 0.458667 0.084000 0.277333
0 0.341000 0.838667 0.206000 0.322667
0 0.551000 0.518667 0.094000 0.434667
1 0.571000 0.330667 0.054000 0.053333
1 0.189000 0.340000 0.066000 0.072000
1 0.327000 0.722667 0.070000 0.085333
1 0.922000 0.342667 0.036000 0.045333
2 0.237000 0.666667 0.030000 0.042667
2 0.419000 0.850667 0.038000 0.042667
2 0.915000 0.470667 0.018000 0.034667
5 0.210000 0.862667 0.040000 0.114667
5 0.167000 0.834667 0.042000 0.112000
5 0.532000 0.682667 0.052000 0.106667
5 0.889000 0.554667 0.054000 0.085333
5 0.417000 0.962667 0.054000 0.074667
