0 0.297500 0.683019 0.250000 0.633962
0 0.487500 0.675472 0.195000 0.550943
0 0.143750 0.639623 0.182500 0.501887
0 0.361250 0.575472 0.107500 0.403774
1 0.285000 0.430189 0.105000 0.128302
1 0.343750 0.401887 0.042500 0.049057
1 0.441250 0.437736 0.062500 0.075472
1 0.131250 0.422642 0.067500 0.067925
2 0.401250 0.611321 0.042500 0.037736
5 0.551250 0.849057 0.062500 0.045283
5 0.451250 0.920755 0.032500 0.052830
5 0.336250 0.752830 0.057500 0.041509
5 0.150000 0.866038 0.050000 0.049057
7 0.470000 0.698113 0.165000 0.407547
7 0.283750 0.758491 0.222500 0.475472
2 0.531250 0.484906 0.072500 0.094340
7 0.140000 0.643396 0.135000 0.366038
7 0.363750 0.526415 0.072500 0.207547
