0 0.394000 0.615616 0.104000 0.444444
0 0.937000 0.621622 0.102000 0.408408
0 0.542000 0.594595 0.084000 0.378378
0 0.644000 0.609610 0.096000 0.414414
0 0.789000 0.630631 0.102000 0.432432
0 0.716000 0.624625 0.076000 0.372372
0 0.831000 0.588589 0.070000 0.342342
0 0.600000 0.573574 0.048000 0.300300
0 0.362000 0.591592 0.064000 0.336336
1 0.722000 0.457958 0.032000 0.033033
1 0.392000 0.408408 0.032000 0.036036
1 0.786000 0.433934 0.036000 0.039039
1 0.642000 0.424925 0.036000 0.039039
1 0.607000 0.435435 0.022000 0.030030
5 0.403000 0.821321 0.022000 0.033033
5 0.636000 0.791291 0.024000 0.033033
5 0.565000 0.755255 0.018000 0.033033
5 0.833000 0.747748 0.018000 0.024024
5 0.962000 0.806306 0.028000 0.033033
5 0.537000 0.770270 0.026000 0.027027
5 0.767000 0.830330 0.026000 0.027027
5 0.913000 0.774775 0.018000 0.036036
5 0.672000 0.794294 0.020000 0.039039
5 0.373000 0.809309 0.026000 0.045045
5 0.795000 0.804805 0.026000 0.048048
5 0.716000 0.753754 0.020000 0.066066
5 0.613000 0.710210 0.014000 0.021021
5 0.370000 0.812312 0.020000 0.039039
5 0.734000 0.767267 0.020000 0.081081
5 0.593000 0.701201 0.018000 0.021021
