0 0.081250 0.558594 0.162500 0.707812
0 0.290625 0.537500 0.146875 0.328125
0 0.202344 0.556250 0.173437 0.431250
1 0.293750 0.400000 0.037500 0.043750
1 0.184375 0.371875 0.050000 0.062500
1 0.048438 0.246875 0.093750 0.081250
5 0.117969 0.878125 0.085938 0.056250
5 0.043750 0.834375 0.031250 0.034375
7 0.068750 0.603125 0.137500 0.600000
7 0.290625 0.562500 0.143750 0.278125
7 0.174219 0.568750 0.104688 0.312500
6 0.050000 0.427344 0.093750 0.248438
6 0.180469 0.473438 0.079687 0.125000
6 0.286719 0.493750 0.082812 0.125000
