0 0.313000 0.552113 0.170000 0.670423
0 0.507000 0.580282 0.174000 0.670423
0 0.759000 0.608451 0.306000 0.743662
0 0.147000 0.604225 0.166000 0.718310
0 0.785000 0.570423 0.114000 0.667606
0 0.169000 0.557746 0.130000 0.681690
5 0.265000 0.863380 0.030000 0.036620
5 0.799000 0.880282 0.030000 0.042254
5 0.362000 0.842254 0.072000 0.039437
5 0.473000 0.836620 0.054000 0.146479
5 0.540000 0.832394 0.044000 0.138028
5 0.672000 0.849296 0.072000 0.126761
5 0.733000 0.887324 0.058000 0.169014
5 0.157000 0.880282 0.114000 0.154930
