0 0.397000 0.618976 0.106000 0.334337
0 0.523000 0.498494 0.102000 0.268072
0 0.252000 0.774096 0.104000 0.331325
0 0.187000 0.664157 0.082000 0.250000
0 0.836000 0.698795 0.120000 0.277108
1 0.179000 0.569277 0.038000 0.060241
1 0.493000 0.391566 0.030000 0.054217
1 0.879000 0.596386 0.034000 0.060241
1 0.222000 0.638554 0.040000 0.054217
1 0.362000 0.480422 0.032000 0.051205
2 0.861000 0.756024 0.022000 0.042169
2 0.355000 0.638554 0.018000 0.024096
2 0.563000 0.493976 0.022000 0.024096
2 0.235000 0.804217 0.018000 0.024096
2 0.161000 0.745482 0.030000 0.063253
5 0.289000 0.891566 0.026000 0.048193
7 0.259000 0.781627 0.090000 0.250000
7 0.521000 0.495482 0.106000 0.268072
7 0.529000 0.450301 0.050000 0.159639
7 0.400000 0.569277 0.088000 0.168675
7 0.825000 0.677711 0.082000 0.204819
5 0.538000 0.587349 0.036000 0.078313
5 0.240000 0.917169 0.036000 0.057229
