0 0.187500 0.573438 0.375000 0.850000
0 0.830469 0.580469 0.339062 0.835938
0 0.949219 0.345313 0.095312 0.178125
0 0.473438 0.739844 0.256250 0.517188
0 0.301563 0.407813 0.187500 0.403125
0 0.681250 0.500000 0.171875 0.700000
0 0.477344 0.387500 0.142187 0.350000
1 0.811719 0.286719 0.198437 0.245312
1 0.142969 0.234375 0.167187 0.171875
1 0.537500 0.237500 0.050000 0.056250
1 0.481250 0.240625 0.062500 0.059375
1 0.386719 0.271094 0.054688 0.064062
1 0.684375 0.208594 0.096875 0.114062
1 0.606250 0.230469 0.081250 0.104688
2 0.536719 0.617188 0.054688 0.068750
2 0.390625 0.705469 0.043750 0.098437
5 0.559375 0.934375 0.078125 0.128125
5 0.446094 0.964063 0.082812 0.068750
7 0.833594 0.708594 0.329688 0.576562
7 0.480469 0.415625 0.142187 0.190625
