0 0.341000 0.528529 0.202000 0.942943
0 0.186000 0.726727 0.168000 0.546547
0 0.699000 0.729730 0.122000 0.540541
0 0.510000 0.606607 0.384000 0.786787
0 0.486000 0.711712 0.136000 0.570571
1 0.642000 0.480480 0.120000 0.180180
1 0.722000 0.522523 0.048000 0.120120
1 0.515000 0.474474 0.078000 0.096096
1 0.207000 0.504505 0.070000 0.090090
2 0.363000 0.282282 0.070000 0.108108
2 0.158000 0.785285 0.060000 0.099099
7 0.340000 0.609610 0.200000 0.774775
7 0.523000 0.663664 0.286000 0.666667
7 0.185000 0.780781 0.166000 0.432432
7 0.699000 0.792793 0.122000 0.408408
