0 0.300000 0.543544 0.104000 0.402402
0 0.724000 0.579580 0.124000 0.510511
0 0.560000 0.531532 0.080000 0.426426
0 0.618000 0.558559 0.084000 0.438438
0 0.460000 0.528529 0.076000 0.402402
0 0.669000 0.516517 0.046000 0.342342
0 0.420000 0.513514 0.060000 0.354354
0 0.772000 0.543544 0.064000 0.420420
0 0.357000 0.525526 0.066000 0.336336
0 0.374000 0.495495 0.044000 0.294294
5 0.324000 0.725225 0.024000 0.021021
5 0.687000 0.789790 0.046000 0.024024
5 0.276000 0.725225 0.020000 0.033033
5 0.483000 0.716216 0.018000 0.027027
5 0.728000 0.819820 0.028000 0.030030
5 0.784000 0.737237 0.024000 0.027027
5 0.373000 0.677177 0.018000 0.021021
5 0.536000 0.723724 0.032000 0.024024
5 0.343000 0.671171 0.030000 0.021021
5 0.582000 0.731231 0.016000 0.021021
5 0.441000 0.708709 0.038000 0.024024
5 0.630000 0.768769 0.036000 0.024024
5 0.429000 0.681682 0.022000 0.024024
5 0.601000 0.752252 0.046000 0.021021
5 0.661000 0.675676 0.022000 0.024024
