0 0.092000 0.640299 0.124000 0.480597
0 0.644000 0.570149 0.116000 0.537313
0 0.189000 0.601493 0.110000 0.402985
0 0.310000 0.601493 0.080000 0.444776
0 0.860000 0.597015 0.280000 0.805970
0 0.460000 0.671642 0.252000 0.656716
0 0.484000 0.576119 0.104000 0.459701
0 0.979000 0.243284 0.042000 0.253731
5 0.131000 0.843284 0.046000 0.026866
5 0.519000 0.779104 0.030000 0.029851
5 0.226000 0.767164 0.032000 0.017910
5 0.332000 0.808955 0.032000 0.029851
5 0.668000 0.805970 0.024000 0.065672
5 0.177000 0.786567 0.022000 0.026866
5 0.097000 0.861194 0.042000 0.032836
5 0.631000 0.786567 0.046000 0.032836
5 0.474000 0.789552 0.020000 0.026866
