0 0.520045 0.615000 0.184855 0.496667
0 0.825167 0.618333 0.158129 0.450000
0 0.366370 0.623333 0.175947 0.540000
0 0.149220 0.646667 0.133630 0.466667
0 0.670379 0.588333 0.178174 0.383333
0 0.291759 0.641667 0.062361 0.443333
0 0.399777 0.661667 0.086860 0.376667
1 0.133630 0.433333 0.048998 0.040000
1 0.636971 0.423333 0.040089 0.053333
1 0.365256 0.380000 0.048998 0.040000
1 0.496659 0.400000 0.048998 0.066667
1 0.301782 0.438333 0.037862 0.030000
1 0.795100 0.430000 0.044543 0.066667
2 0.894209 0.621667 0.024499 0.036667
2 0.438753 0.551667 0.022272 0.030000
2 0.208241 0.565000 0.024499 0.043333
2 0.757238 0.505000 0.022272 0.036667
2 0.432071 0.428333 0.040089 0.030000
2 0.750557 0.540000 0.022272 0.026667
5 0.354120 0.876667 0.044543 0.026667
5 0.298441 0.871667 0.040089 0.030000
5 0.810690 0.813333 0.048998 0.020000
5 0.528953 0.848333 0.037862 0.030000
7 0.526726 0.635000 0.167038 0.430000
7 0.145880 0.676667 0.126949 0.400000
7 0.834076 0.646667 0.140312 0.393333
7 0.663697 0.618333 0.155902 0.310000
7 0.393096 0.686667 0.064588 0.320000
