0 0.178000 0.688623 0.092000 0.383234
0 0.712000 0.715569 0.140000 0.568862
0 0.507000 0.705090 0.118000 0.553892
0 0.344000 0.655689 0.092000 0.341317
0 0.652000 0.639222 0.068000 0.362275
0 0.756000 0.535928 0.048000 0.167665
0 0.609000 0.550898 0.038000 0.155689
0 0.556000 0.640719 0.068000 0.371257
0 0.307000 0.631737 0.042000 0.269461
0 0.881000 0.489521 0.014000 0.062874
1 0.502000 0.452096 0.044000 0.047904
1 0.176000 0.519461 0.036000 0.038922
1 0.376000 0.652695 0.032000 0.041916
1 0.310000 0.510479 0.020000 0.026946
1 0.759000 0.465569 0.018000 0.020958
5 0.508000 0.922156 0.016000 0.029940
5 0.334000 0.809880 0.028000 0.020958
5 0.663000 0.803892 0.018000 0.026946
5 0.528000 0.967066 0.028000 0.029940
5 0.195000 0.862275 0.018000 0.029940
5 0.370000 0.782934 0.012000 0.026946
5 0.699000 0.985030 0.026000 0.029940
5 0.562000 0.814371 0.016000 0.017964
5 0.722000 0.944611 0.012000 0.026946
