0 0.808000 0.666667 0.172000 0.666667
0 0.635000 0.693694 0.142000 0.612613
0 0.946000 0.705706 0.108000 0.588589
0 0.501000 0.681682 0.138000 0.636637
0 0.376000 0.693694 0.136000 0.612613
0 0.199000 0.696697 0.154000 0.606607
0 0.283000 0.705706 0.122000 0.588589
1 0.817000 0.378378 0.078000 0.090090
1 0.224000 0.420420 0.052000 0.060060
1 0.289000 0.439940 0.058000 0.057057
1 0.631000 0.427928 0.066000 0.075075
1 0.374000 0.427928 0.060000 0.069069
1 0.488000 0.397898 0.072000 0.069069
1 0.988000 0.444444 0.024000 0.066066
5 0.147000 0.975976 0.034000 0.042042
