0 0.814000 0.670667 0.136000 0.568000
0 0.389000 0.642667 0.134000 0.485333
0 0.322000 0.610667 0.100000 0.464000
0 0.452000 0.590667 0.088000 0.493333
0 0.505000 0.646667 0.126000 0.520000
0 0.686000 0.638667 0.112000 0.541333
0 0.612000 0.646667 0.112000 0.536000
0 0.748000 0.646667 0.100000 0.509333
0 0.406000 0.410667 0.040000 0.090667
0 0.566000 0.614667 0.064000 0.466667
5 0.363000 0.870667 0.026000 0.029333
5 0.311000 0.826667 0.038000 0.026667
5 0.512000 0.886667 0.032000 0.034667
5 0.604000 0.898667 0.048000 0.037333
5 0.428000 0.866667 0.024000 0.026667
5 0.756000 0.888000 0.032000 0.032000
5 0.782000 0.910667 0.048000 0.040000
5 0.818000 0.934667 0.052000 0.040000
5 0.576000 0.880000 0.040000 0.032000
5 0.672000 0.890667 0.044000 0.037333
5 0.463000 0.858667 0.042000 0.032000
5 0.719000 0.868000 0.046000 0.024000
5 0.647000 0.860000 0.030000 0.024000
5 0.551000 0.834667 0.030000 0.026667
