0 0.688000 0.616013 0.236000 0.767974
0 0.459000 0.589869 0.286000 0.813725
0 0.226000 0.573529 0.432000 0.846405
0 0.845000 0.500000 0.142000 0.784314
0 0.886000 0.550654 0.228000 0.885621
1 0.238000 0.264706 0.156000 0.222222
1 0.414000 0.282680 0.116000 0.192810
1 0.843000 0.174837 0.094000 0.127451
1 0.976000 0.119281 0.048000 0.107843
2 0.496000 0.434641 0.048000 0.111111
2 0.358000 0.415033 0.060000 0.098039
2 0.669000 0.410131 0.066000 0.094771
2 0.806000 0.351307 0.048000 0.075163
2 0.714000 0.400327 0.044000 0.094771
2 0.169000 0.436275 0.066000 0.173203
