0 0.345000 0.455422 0.238000 0.448193
0 0.509000 0.512048 0.110000 0.440964
0 0.625000 0.631325 0.146000 0.457831
0 0.795000 0.668675 0.194000 0.450602
0 0.730000 0.662651 0.136000 0.539759
0 0.449000 0.353012 0.110000 0.281928
1 0.421000 0.236145 0.050000 0.048193
1 0.807000 0.469880 0.058000 0.053012
1 0.329000 0.257831 0.054000 0.048193
1 0.727000 0.449398 0.058000 0.040964
2 0.243000 0.426506 0.030000 0.038554
5 0.780000 0.901205 0.032000 0.062651
5 0.678000 0.840964 0.040000 0.038554
5 0.731000 0.836145 0.062000 0.072289
5 0.906000 0.813253 0.028000 0.074699
5 0.502000 0.708434 0.032000 0.048193
5 0.531000 0.668675 0.054000 0.069880
7 0.343000 0.456627 0.234000 0.440964
7 0.508000 0.508434 0.112000 0.366265
7 0.820000 0.683133 0.116000 0.354217
7 0.725000 0.643373 0.118000 0.351807
