0 0.693000 0.610667 0.138000 0.602667
0 0.239000 0.694667 0.166000 0.605333
0 0.585000 0.594667 0.098000 0.458667
0 0.496000 0.582667 0.080000 0.408000
0 0.406000 0.618667 0.104000 0.448000
0 0.342000 0.638667 0.088000 0.520000
5 0.652000 0.864000 0.052000 0.032000
5 0.478000 0.766667 0.032000 0.034667
5 0.610000 0.800000 0.024000 0.032000
5 0.522000 0.770667 0.020000 0.032000
5 0.423000 0.806667 0.030000 0.029333
5 0.562000 0.806667 0.048000 0.034667
5 0.373000 0.822667 0.022000 0.034667
5 0.367000 0.858667 0.038000 0.037333
5 0.730000 0.904000 0.032000 0.032000
