0 0.307000 0.606928 0.174000 0.786145
0 0.108000 0.597892 0.184000 0.804217
0 0.478000 0.611446 0.156000 0.777108
0 0.818000 0.614458 0.196000 0.771084
0 0.643000 0.635542 0.166000 0.728916
1 0.125000 0.234940 0.078000 0.078313
1 0.494000 0.253012 0.064000 0.060241
1 0.844000 0.262048 0.076000 0.072289
1 0.620000 0.308735 0.060000 0.069277
1 0.295000 0.250000 0.066000 0.072289
5 0.652000 0.944277 0.056000 0.069277
5 0.602000 0.960843 0.032000 0.072289
5 0.348000 0.989458 0.040000 0.021084
5 0.460000 0.945783 0.032000 0.108434
5 0.515000 0.939759 0.054000 0.108434
7 0.109000 0.670181 0.186000 0.653614
6 0.297000 0.498494 0.158000 0.310241
6 0.622000 0.518072 0.120000 0.271084
6 0.471000 0.495482 0.142000 0.286145
