0 0.275000 0.756322 0.134000 0.487356
0 0.686000 0.714943 0.124000 0.395402
0 0.843000 0.579310 0.054000 0.119540
0 0.504000 0.768966 0.120000 0.462069
0 0.757000 0.674713 0.070000 0.278161
0 0.947000 0.709195 0.106000 0.393103
0 0.151000 0.711494 0.090000 0.383908
0 0.062000 0.744828 0.120000 0.501149
0 0.575000 0.704598 0.090000 0.360920
0 0.398000 0.660920 0.080000 0.282759
0 0.432000 0.709195 0.100000 0.356322
0 0.092000 0.719540 0.096000 0.400000
0 0.912000 0.698851 0.100000 0.303448
0 0.234000 0.728736 0.076000 0.386207
5 0.535000 0.974713 0.054000 0.036782
5 0.034000 0.977011 0.044000 0.036782
5 0.649000 0.898851 0.026000 0.022989
5 0.701000 0.893103 0.046000 0.025287
5 0.299000 0.990805 0.046000 0.013793
5 0.586000 0.866667 0.040000 0.022989
5 0.428000 0.877011 0.028000 0.025287
5 0.167000 0.890805 0.042000 0.025287
5 0.734000 0.801149 0.020000 0.016092
5 0.472000 0.990805 0.032000 0.018391
5 0.922000 0.872414 0.052000 0.029885
5 0.544000 0.874713 0.020000 0.016092
5 0.092000 0.952874 0.060000 0.039080
5 0.116000 0.901149 0.040000 0.027586
5 0.377000 0.788506 0.038000 0.022989
5 0.759000 0.794253 0.030000 0.016092
5 0.137000 0.860920 0.038000 0.029885
5 0.405000 0.790805 0.022000 0.022989
5 0.980000 0.890805 0.020000 0.029885
5 0.050000 0.918391 0.016000 0.025287
5 0.266000 0.912644 0.016000 0.018391
5 0.536000 0.922989 0.012000 0.016092
7 0.272000 0.790805 0.136000 0.418391
7 0.677000 0.736782 0.106000 0.328736
7 0.503000 0.793103 0.122000 0.400000
7 0.573000 0.722989 0.090000 0.301149
7 0.061000 0.768966 0.118000 0.425287
