0 0.648000 0.666667 0.312000 0.660661
0 0.908000 0.501502 0.184000 0.996997
0 0.558000 0.654655 0.232000 0.690691
0 0.799000 0.498498 0.306000 0.996997
1 0.782000 0.087087 0.144000 0.174174
1 0.552000 0.438438 0.116000 0.204204
1 0.873000 0.052553 0.106000 0.099099
1 0.516000 0.370871 0.080000 0.117117
1 0.910000 0.051051 0.180000 0.102102
2 0.465000 0.675676 0.054000 0.072072
6 0.688000 0.606607 0.224000 0.498498
6 0.532000 0.620120 0.096000 0.243243
6 0.852000 0.549550 0.172000 0.624625
6 0.958000 0.474474 0.084000 0.450450
