0 0.551000 0.560172 0.146000 0.249284
0 0.876000 0.404011 0.120000 0.183381
0 0.392000 0.406877 0.100000 0.252149
0 0.616000 0.393983 0.080000 0.140401
1 0.426000 0.313754 0.032000 0.054441
1 0.875000 0.330946 0.026000 0.031519
1 0.567000 0.485673 0.066000 0.094556
1 0.589000 0.348138 0.026000 0.037249
2 0.581000 0.653295 0.030000 0.051576
2 0.499000 0.527221 0.026000 0.034384
7 0.551000 0.560172 0.146000 0.249284
7 0.874000 0.411175 0.116000 0.140401
6 0.553000 0.557307 0.142000 0.169054
6 0.613000 0.383954 0.062000 0.080229
5 0.868000 0.402579 0.084000 0.123209
