0 0.645000 0.495495 0.458000 0.876877
0 0.860000 0.342342 0.192000 0.624625
0 0.326000 0.456456 0.216000 0.444444
0 0.162000 0.624625 0.300000 0.750751
1 0.699000 0.123123 0.142000 0.126126
1 0.815000 0.105105 0.102000 0.150150
1 0.364000 0.316817 0.084000 0.159159
1 0.247000 0.324324 0.090000 0.150150
2 0.231000 0.908408 0.058000 0.123123
2 0.392000 0.567568 0.080000 0.156156
2 0.448000 0.552553 0.064000 0.114114
2 0.381000 0.543544 0.062000 0.114114
5 0.528000 0.882883 0.132000 0.108108
5 0.470000 0.725225 0.108000 0.087087
5 0.626000 0.803303 0.092000 0.099099
