0 0.174000 0.654079 0.236000 0.691843
0 0.329000 0.768882 0.206000 0.456193
0 0.623000 0.729607 0.246000 0.534743
0 0.439000 0.525680 0.246000 0.706949
0 0.962000 0.700906 0.076000 0.332326
0 0.787000 0.735650 0.138000 0.528701
0 0.896000 0.700906 0.092000 0.513595
0 0.898000 0.651057 0.084000 0.407855
1 0.329000 0.592145 0.086000 0.096677
1 0.820000 0.501511 0.060000 0.060423
1 0.474000 0.220544 0.072000 0.096677
1 0.238000 0.364048 0.100000 0.117825
1 0.331000 0.235650 0.082000 0.084592
1 0.709000 0.463746 0.054000 0.051360
1 0.666000 0.512085 0.068000 0.087613
1 0.883000 0.474320 0.038000 0.060423
2 0.525000 0.540785 0.054000 0.102719
2 0.736000 0.515106 0.036000 0.051360
2 0.563000 0.419940 0.042000 0.066465
7 0.166000 0.703927 0.216000 0.574018
7 0.413000 0.478852 0.134000 0.450151
