0 0.767000 0.531532 0.114000 0.492492
0 0.659000 0.516517 0.122000 0.522523
0 0.256000 0.537538 0.096000 0.480480
0 0.333000 0.519520 0.130000 0.528529
0 0.518000 0.519520 0.184000 0.522523
0 0.418000 0.510511 0.092000 0.528529
0 0.149000 0.522523 0.210000 0.516517
0 0.862000 0.528529 0.124000 0.510511
0 0.575000 0.519520 0.102000 0.516517
5 0.780000 0.762763 0.036000 0.024024
5 0.736000 0.761261 0.020000 0.027027
5 0.594000 0.762763 0.020000 0.024024
5 0.400000 0.755255 0.020000 0.027027
5 0.272000 0.759760 0.032000 0.030030
5 0.140000 0.756757 0.020000 0.042042
5 0.554000 0.761261 0.020000 0.027027
5 0.436000 0.761261 0.020000 0.021021
5 0.230000 0.762763 0.024000 0.024024
5 0.471000 0.762763 0.026000 0.036036
