0 0.601000 0.554469 0.114000 0.416201
0 0.477000 0.564246 0.090000 0.413408
0 0.692000 0.533520 0.076000 0.284916
0 0.394000 0.666201 0.172000 0.639665
1 0.470000 0.378492 0.044000 0.041899
1 0.602000 0.367318 0.044000 0.047486
1 0.373000 0.386872 0.074000 0.075419
1 0.683000 0.405028 0.030000 0.033520
2 0.625000 0.579609 0.022000 0.036313
2 0.572000 0.574022 0.012000 0.030726
2 0.717000 0.541899 0.014000 0.027933
2 0.390000 0.733240 0.032000 0.047486
2 0.508000 0.596369 0.016000 0.030726
2 0.323000 0.659218 0.018000 0.039106
2 0.435000 0.572626 0.010000 0.027933
2 0.662000 0.516760 0.012000 0.022346
2 0.327000 0.660615 0.026000 0.041899
5 0.461000 0.849162 0.038000 0.072626
5 0.343000 0.958101 0.070000 0.055866
5 0.565000 0.750000 0.042000 0.025140
5 0.628000 0.730447 0.020000 0.019553
5 0.479000 0.754190 0.022000 0.027933
5 0.675000 0.655028 0.022000 0.019553
5 0.694000 0.659218 0.012000 0.027933
7 0.394000 0.698324 0.164000 0.497207
7 0.606000 0.579609 0.104000 0.332402
7 0.691000 0.543296 0.074000 0.215084
7 0.476000 0.585196 0.092000 0.326816
