0 0.222000 0.492492 0.100000 0.456456
0 0.777000 0.555556 0.126000 0.588589
0 0.326000 0.501502 0.084000 0.426426
0 0.416000 0.507508 0.084000 0.444444
0 0.533000 0.513514 0.106000 0.468468
0 0.727000 0.483483 0.058000 0.384384
0 0.635000 0.549550 0.110000 0.504505
0 0.482000 0.471471 0.064000 0.372372
0 0.591000 0.492492 0.058000 0.450450
1 0.229000 0.282282 0.038000 0.042042
1 0.330000 0.306306 0.036000 0.042042
1 0.772000 0.289790 0.052000 0.051051
1 0.426000 0.307808 0.040000 0.045045
1 0.730000 0.312312 0.036000 0.042042
1 0.535000 0.298799 0.038000 0.039039
1 0.599000 0.289790 0.034000 0.039039
1 0.562000 0.322823 0.020000 0.027027
1 0.648000 0.310811 0.028000 0.033033
1 0.497000 0.300300 0.034000 0.030030
1 0.617000 0.315315 0.042000 0.042042
5 0.796000 0.827327 0.028000 0.039039
5 0.496000 0.728228 0.032000 0.027027
5 0.304000 0.699700 0.020000 0.036036
5 0.200000 0.708709 0.020000 0.030030
5 0.395000 0.717718 0.026000 0.030030
5 0.343000 0.687688 0.022000 0.030030
5 0.742000 0.792793 0.056000 0.036036
5 0.468000 0.645646 0.032000 0.030030
5 0.437000 0.707207 0.034000 0.021021
5 0.614000 0.755255 0.052000 0.027027
5 0.648000 0.783784 0.028000 0.036036
5 0.716000 0.662162 0.036000 0.027027
5 0.233000 0.690691 0.034000 0.024024
5 0.555000 0.734234 0.018000 0.027027
5 0.583000 0.705706 0.038000 0.024024
5 0.553000 0.732733 0.022000 0.036036
