0 0.753000 0.720721 0.102000 0.396396
0 0.635000 0.723724 0.090000 0.462462
0 0.130000 0.723724 0.124000 0.546547
0 0.924000 0.744745 0.136000 0.504505
0 0.281000 0.732733 0.114000 0.528529
0 0.546000 0.759760 0.092000 0.474474
0 0.222000 0.735736 0.104000 0.474474
0 0.412000 0.738739 0.096000 0.516517
0 0.962000 0.764264 0.076000 0.459459
0 0.367000 0.731231 0.058000 0.447447
0 0.511000 0.695195 0.054000 0.351351
0 0.040000 0.746246 0.076000 0.495495
0 0.962000 0.698198 0.076000 0.321321
0 0.465000 0.711712 0.082000 0.414414
1 0.631000 0.516517 0.038000 0.048048
1 0.758000 0.543544 0.032000 0.036036
1 0.379000 0.530030 0.030000 0.039039
5 0.764000 0.903904 0.028000 0.030030
5 0.711000 0.903904 0.018000 0.024024
5 0.663000 0.935435 0.034000 0.027027
5 0.223000 0.957958 0.030000 0.030030
5 0.566000 0.962462 0.044000 0.027027
5 0.619000 0.942943 0.018000 0.024024
5 0.534000 0.975976 0.032000 0.036036
5 0.485000 0.893393 0.042000 0.027027
5 0.444000 0.899399 0.016000 0.033033
5 0.030000 0.983483 0.052000 0.021021
5 0.497000 0.861862 0.014000 0.018018
5 0.360000 0.938438 0.020000 0.027027
