0 0.395000 0.582667 0.150000 0.616000
0 0.501000 0.556000 0.098000 0.472000
0 0.114000 0.590667 0.124000 0.648000
0 0.712000 0.542667 0.100000 0.578667
0 0.854000 0.482667 0.136000 0.432000
1 0.698000 0.278667 0.072000 0.056000
1 0.118000 0.298667 0.072000 0.064000
1 0.484000 0.342667 0.060000 0.050667
1 0.871000 0.290667 0.050000 0.042667
1 0.369000 0.306667 0.070000 0.069333
5 0.134000 0.892000 0.080000 0.040000
5 0.861000 0.686667 0.030000 0.029333
5 0.515000 0.778667 0.042000 0.026667
5 0.727000 0.810667 0.062000 0.032000
5 0.416000 0.866667 0.068000 0.042667
5 0.696000 0.782667 0.056000 0.034667
5 0.807000 0.670667 0.042000 0.029333
5 0.489000 0.766667 0.034000 0.018667
5 0.154000 0.838667 0.028000 0.029333
7 0.114000 0.630667 0.128000 0.541333
