0 0.528889 0.638333 0.102222 0.430000
0 0.685556 0.616667 0.126667 0.473333
0 0.896667 0.643333 0.126667 0.420000
1 0.536667 0.446667 0.033333 0.040000
1 0.677778 0.400000 0.040000 0.040000
1 0.886667 0.455000 0.035556 0.036667
2 0.737778 0.628333 0.017778 0.050000
2 0.488889 0.656667 0.017778 0.033333
2 0.841111 0.656667 0.020000 0.040000
2 0.636667 0.630000 0.020000 0.053333
2 0.568889 0.685000 0.008889 0.030000
2 0.942222 0.665000 0.017778 0.023333
2 0.945556 0.660000 0.020000 0.040000
5 0.668889 0.810000 0.022222 0.066667
5 0.880000 0.836667 0.035556 0.020000
5 0.931111 0.841667 0.022222 0.023333
5 0.508889 0.810000 0.040000 0.080000
6 0.522222 0.546667 0.080000 0.153333
