0 0.428000 0.462462 0.220000 0.540541
0 0.164000 0.450450 0.228000 0.666667
0 0.278000 0.399399 0.180000 0.612613
0 0.805000 0.411411 0.122000 0.570571
0 0.692000 0.426426 0.120000 0.420420
1 0.776000 0.157658 0.064000 0.057057
1 0.168000 0.162162 0.072000 0.090090
1 0.451000 0.244745 0.062000 0.099099
1 0.692000 0.204204 0.036000 0.042042
1 0.655000 0.256757 0.042000 0.081081
1 0.238000 0.135135 0.056000 0.084084
2 0.817000 0.469970 0.030000 0.051051
2 0.678000 0.418919 0.024000 0.039039
2 0.783000 0.427928 0.022000 0.051051
2 0.325000 0.408408 0.026000 0.054054
2 0.250000 0.415916 0.032000 0.033033
5 0.512000 0.638138 0.052000 0.153153
5 0.795000 0.648649 0.054000 0.030030
5 0.827000 0.677177 0.070000 0.033033
5 0.233000 0.681682 0.086000 0.150150
5 0.707000 0.620120 0.054000 0.033033
7 0.818000 0.429429 0.096000 0.474474
7 0.705000 0.435435 0.094000 0.390390
5 0.147000 0.698198 0.066000 0.147147
5 0.328000 0.642643 0.072000 0.120120
5 0.275000 0.632132 0.050000 0.111111
5 0.426000 0.663664 0.052000 0.132132
