0 0.287850 0.680000 0.246729 0.640000
0 0.414953 0.368333 0.119626 0.170000
0 0.541121 0.361667 0.091589 0.250000
0 0.814953 0.676667 0.254206 0.646667
0 0.605607 0.668333 0.257944 0.610000
0 0.722430 0.435000 0.106542 0.203333
0 0.136449 0.651667 0.171963 0.696667
0 0.341121 0.355000 0.072897 0.136667
0 0.038318 0.360000 0.072897 0.226667
0 0.053271 0.576667 0.106542 0.540000
0 0.628972 0.405000 0.084112 0.203333
0 0.957944 0.453333 0.084112 0.280000
0 0.218692 0.343333 0.033645 0.080000
0 0.139252 0.316667 0.095327 0.166667
