0 0.123000 0.565282 0.242000 0.863501
0 0.247000 0.486647 0.118000 0.367953
0 0.480000 0.606825 0.196000 0.780415
0 0.767000 0.606825 0.186000 0.774481
0 0.667000 0.529674 0.110000 0.602374
0 0.582000 0.488131 0.100000 0.459941
0 0.384000 0.510386 0.076000 0.492582
0 0.900000 0.611276 0.200000 0.771513
0 0.163000 0.494065 0.066000 0.347181
1 0.101000 0.203264 0.166000 0.139466
1 0.466000 0.261128 0.076000 0.083086
1 0.664000 0.253709 0.052000 0.050445
1 0.389000 0.287834 0.042000 0.047478
1 0.891000 0.270030 0.102000 0.083086
1 0.784000 0.255193 0.076000 0.071217
1 0.588000 0.283383 0.036000 0.050445
1 0.613000 0.301187 0.022000 0.032641
1 0.154000 0.341246 0.040000 0.041543
5 0.635000 0.807122 0.026000 0.041543
5 0.290000 0.655786 0.032000 0.023739
5 0.381000 0.737389 0.026000 0.038576
5 0.710000 0.954006 0.072000 0.068249
5 0.181000 0.658754 0.034000 0.023739
5 0.358000 0.648368 0.028000 0.032641
5 0.233000 0.663205 0.022000 0.020772
5 0.234000 0.654303 0.028000 0.032641
