0 0.664286 0.462585 0.110714 0.292517
0 0.870536 0.527211 0.126786 0.707483
0 0.458036 0.634354 0.191071 0.547619
0 0.282143 0.491497 0.082143 0.425170
0 0.352679 0.595238 0.166071 0.598639
0 0.944643 0.425170 0.067857 0.523810
1 0.268750 0.302721 0.037500 0.054422
1 0.848214 0.214286 0.053571 0.074830
1 0.627679 0.345238 0.030357 0.057823
1 0.520536 0.416667 0.051786 0.098639
1 0.402679 0.346939 0.055357 0.102041
1 0.933929 0.195578 0.039286 0.057823
2 0.639286 0.493197 0.017857 0.054422
2 0.455357 0.707483 0.028571 0.061224
