0 0.137864 0.620000 0.151456 0.560000
0 0.738835 0.640000 0.184466 0.713333
0 0.273786 0.653333 0.132039 0.660000
0 0.057282 0.533333 0.064078 0.300000
0 0.410680 0.616667 0.122330 0.653333
0 0.587379 0.671667 0.141748 0.656667
0 0.677670 0.590000 0.116505 0.780000
0 0.522330 0.576667 0.089320 0.566667
0 0.344660 0.596667 0.064078 0.513333
0 0.478641 0.560000 0.064078 0.500000
1 0.126214 0.366667 0.046602 0.046667
1 0.395146 0.318333 0.048544 0.050000
1 0.756311 0.325000 0.075728 0.083333
1 0.529126 0.316667 0.040777 0.046667
1 0.580583 0.373333 0.058252 0.060000
1 0.340777 0.363333 0.040777 0.053333
1 0.480583 0.330000 0.036893 0.040000
1 0.059223 0.398333 0.025243 0.030000
1 0.675728 0.261667 0.073786 0.123333
1 0.271845 0.353333 0.054369 0.060000
2 0.460194 0.641667 0.027184 0.063333
2 0.179612 0.633333 0.017476 0.040000
2 0.363107 0.660000 0.023301 0.060000
2 0.533010 0.715000 0.025243 0.063333
2 0.259223 0.433333 0.025243 0.053333
2 0.644660 0.715000 0.019417 0.063333
5 0.128155 0.883333 0.023301 0.040000
5 0.187379 0.858333 0.044660 0.030000
5 0.450485 0.900000 0.031068 0.066667
5 0.313592 0.961667 0.033010 0.050000
5 0.514563 0.836667 0.034951 0.040000
5 0.570874 0.960000 0.058252 0.046667
5 0.556311 0.838333 0.017476 0.030000
5 0.683495 0.961667 0.042718 0.036667
5 0.274757 0.950000 0.025243 0.040000
5 0.328155 0.830000 0.023301 0.033333
5 0.379612 0.911667 0.040777 0.056667
5 0.627184 0.986667 0.031068 0.026667
5 0.056311 0.670000 0.023301 0.020000
5 0.465049 0.795000 0.017476 0.030000
5 0.499029 0.798333 0.019417 0.030000
6 0.126214 0.523333 0.081553 0.160000
6 0.054369 0.486667 0.038835 0.093333
6 0.265049 0.555000 0.083495 0.170000
6 0.400000 0.505000 0.089320 0.170000
6 0.339806 0.511667 0.054369 0.150000
6 0.527184 0.471667 0.056311 0.123333
6 0.583495 0.580000 0.087379 0.200000
6 0.740777 0.578333 0.122330 0.290000
6 0.680583 0.428333 0.075728 0.190000
