0 0.940625 0.307812 0.114583 0.471875
0 0.494792 0.379688 0.160417 0.393750
0 0.028125 0.264844 0.056250 0.385937
0 0.202083 0.339844 0.400000 0.676562
0 0.800000 0.311719 0.291667 0.510938
0 0.271875 0.214844 0.102083 0.264062
0 0.040625 0.264844 0.081250 0.385937
1 0.213542 0.036719 0.160417 0.070312
1 0.770833 0.099219 0.100000 0.085938
1 0.934375 0.108594 0.102083 0.070312
1 0.027083 0.096094 0.050000 0.045312
1 0.514583 0.202344 0.062500 0.035937
5 0.759375 0.546875 0.093750 0.037500
5 0.262500 0.657813 0.137500 0.040625
5 0.108333 0.636719 0.087500 0.054688
5 0.867708 0.537500 0.081250 0.037500
5 0.029167 0.446875 0.054167 0.018750
5 0.932292 0.517969 0.068750 0.032813
