0 0.589000 0.624000 0.146000 0.528000
0 0.451000 0.630667 0.110000 0.514667
0 0.321000 0.506667 0.058000 0.197333
0 0.378000 0.504000 0.040000 0.176000
0 0.805000 0.552000 0.086000 0.304000
0 0.168000 0.438667 0.056000 0.200000
0 0.508000 0.562667 0.060000 0.341333
1 0.575000 0.388000 0.054000 0.056000
1 0.456000 0.398667 0.052000 0.050667
1 0.332000 0.422667 0.020000 0.029333
1 0.381000 0.426667 0.018000 0.026667
1 0.505000 0.406667 0.034000 0.034667
1 0.808000 0.412000 0.028000 0.024000
1 0.170000 0.350667 0.020000 0.018667
5 0.602000 0.830667 0.024000 0.029333
5 0.548000 0.870667 0.040000 0.034667
5 0.494000 0.826667 0.020000 0.026667
5 0.427000 0.872000 0.030000 0.032000
5 0.520000 0.702667 0.016000 0.024000
5 0.811000 0.690667 0.018000 0.021333
5 0.784000 0.658667 0.012000 0.026667
