0 0.704000 0.590667 0.140000 0.600000
0 0.321000 0.668000 0.234000 0.664000
0 0.419000 0.562667 0.098000 0.474667
0 0.497000 0.622667 0.202000 0.642667
0 0.590000 0.562667 0.104000 0.490667
1 0.700000 0.322667 0.068000 0.058667
1 0.267000 0.378667 0.102000 0.090667
1 0.580000 0.342667 0.052000 0.045333
1 0.510000 0.330667 0.072000 0.064000
1 0.420000 0.346667 0.048000 0.042667
5 0.486000 0.926667 0.028000 0.040000
5 0.663000 0.846667 0.054000 0.034667
5 0.548000 0.914667 0.032000 0.042667
5 0.407000 0.784000 0.022000 0.032000
5 0.970000 0.882667 0.060000 0.026667
5 0.618000 0.794667 0.028000 0.021333
5 0.743000 0.862667 0.030000 0.056000
