0 0.699000 0.628049 0.274000 0.743902
0 0.504000 0.536585 0.140000 0.567073
0 0.326000 0.638720 0.132000 0.716463
0 0.389000 0.591463 0.082000 0.634146
0 0.165000 0.576220 0.242000 0.841463
0 0.242000 0.553354 0.108000 0.490854
1 0.162000 0.248476 0.156000 0.173780
1 0.671000 0.298780 0.086000 0.085366
1 0.491000 0.283537 0.046000 0.060976
1 0.269000 0.333841 0.046000 0.057927
1 0.339000 0.318598 0.070000 0.076220
1 0.380000 0.306402 0.052000 0.064024
5 0.540000 0.798780 0.032000 0.030488
5 0.472000 0.800305 0.032000 0.039634
5 0.271000 0.775915 0.046000 0.045732
5 0.401000 0.876524 0.034000 0.057927
