0 0.099000 0.564565 0.118000 0.600601
0 0.505000 0.669670 0.198000 0.444444
0 0.318000 0.615616 0.164000 0.498498
0 0.429000 0.513514 0.078000 0.504505
0 0.481000 0.546547 0.090000 0.480480
0 0.380000 0.543544 0.088000 0.528529
0 0.322000 0.519520 0.080000 0.504505
0 0.481000 0.420420 0.090000 0.228228
1 0.571000 0.477477 0.062000 0.066066
1 0.499000 0.333333 0.050000 0.054054
1 0.443000 0.288288 0.046000 0.054054
1 0.336000 0.294294 0.052000 0.054054
1 0.094000 0.285285 0.056000 0.048048
1 0.395000 0.306306 0.050000 0.060060
1 0.365000 0.403904 0.054000 0.069069
5 0.320000 0.842342 0.060000 0.039039
5 0.124000 0.842342 0.064000 0.039039
5 0.509000 0.866366 0.070000 0.039039
5 0.371000 0.803303 0.050000 0.027027
5 0.441000 0.852853 0.062000 0.036036
5 0.406000 0.792793 0.040000 0.024024
5 0.080000 0.843844 0.024000 0.030030
5 0.429000 0.750751 0.038000 0.024024
7 0.321000 0.612613 0.174000 0.492492
