0 0.364000 0.423750 0.236000 0.557500
0 0.626000 0.605000 0.240000 0.595000
0 0.181000 0.446250 0.178000 0.547500
1 0.166000 0.201250 0.056000 0.052500
1 0.301000 0.182500 0.058000 0.065000
1 0.643000 0.400000 0.062000 0.075000
2 0.524000 0.330000 0.040000 0.045000
2 0.260000 0.321250 0.040000 0.047500
2 0.338000 0.262500 0.044000 0.045000
2 0.153000 0.307500 0.062000 0.065000
5 0.546000 0.878750 0.072000 0.037500
5 0.728000 0.876250 0.036000 0.032500
5 0.458000 0.683750 0.048000 0.032500
5 0.237000 0.695000 0.054000 0.030000
5 0.174000 0.691250 0.044000 0.042500
