0 0.873000 0.638889 0.206000 0.722222
0 0.208000 0.688272 0.112000 0.623457
0 0.704000 0.675926 0.144000 0.641975
0 0.035000 0.614198 0.070000 0.302469
0 0.447000 0.587963 0.402000 0.817901
0 0.281000 0.586420 0.054000 0.290123
0 0.132000 0.614198 0.052000 0.302469
0 0.387000 0.712963 0.118000 0.574074
1 0.545000 0.240741 0.114000 0.117284
1 0.735000 0.402778 0.070000 0.095679
1 0.200000 0.410494 0.064000 0.074074
1 0.032000 0.476852 0.028000 0.033951
1 0.129000 0.476852 0.030000 0.033951
1 0.278000 0.461420 0.028000 0.033951
1 0.861000 0.336420 0.094000 0.117284
5 0.034000 0.754630 0.028000 0.021605
5 0.396000 0.961420 0.052000 0.052469
5 0.286000 0.717593 0.044000 0.021605
5 0.137000 0.748457 0.026000 0.033951
