0 0.709000 0.550000 0.534000 0.893939
0 0.394000 0.646970 0.112000 0.469697
0 0.904000 0.430303 0.192000 0.830303
0 0.256000 0.675758 0.164000 0.484848
1 0.213000 0.498485 0.070000 0.130303
1 0.505000 0.218182 0.122000 0.230303
1 0.859000 0.075758 0.106000 0.115152
1 0.513000 0.639394 0.094000 0.133333
1 0.859000 0.106061 0.106000 0.169697
2 0.706000 0.768182 0.136000 0.209091
2 0.298000 0.650000 0.048000 0.081818
2 0.521000 0.848485 0.118000 0.109091
7 0.758000 0.568182 0.436000 0.857576
6 0.403000 0.577273 0.078000 0.166667
6 0.779000 0.425758 0.306000 0.548485
6 0.891000 0.280303 0.138000 0.209091
6 0.255000 0.568182 0.106000 0.166667
6 0.536000 0.771212 0.112000 0.178788
