0 0.244000 0.582667 0.096000 0.365333
0 0.302000 0.578667 0.072000 0.277333
0 0.499000 0.610667 0.098000 0.357333
0 0.633000 0.628000 0.086000 0.456000
1 0.260000 0.414667 0.032000 0.029333
1 0.307000 0.454667 0.026000 0.029333
1 0.495000 0.450667 0.038000 0.032000
1 0.648000 0.422667 0.048000 0.050667
5 0.218000 0.750667 0.024000 0.024000
5 0.252000 0.748000 0.016000 0.024000
5 0.587000 0.764000 0.018000 0.024000
5 0.281000 0.702667 0.030000 0.018667
5 0.308000 0.706667 0.012000 0.021333
5 0.503000 0.770667 0.026000 0.026667
5 0.463000 0.774667 0.018000 0.029333
5 0.681000 0.778667 0.018000 0.026667
5 0.730000 0.746667 0.028000 0.016000
5 0.614000 0.814667 0.044000 0.018667
5 0.643000 0.838667 0.038000 0.034667
5 0.548000 0.750667 0.020000 0.029333
5 0.547000 0.754667 0.018000 0.021333
