0 0.635000 0.578313 0.278000 0.710843
0 0.268000 0.475904 0.260000 0.614458
0 0.361000 0.335843 0.110000 0.448795
0 0.467000 0.337349 0.074000 0.331325
1 0.565000 0.299699 0.114000 0.141566
1 0.268000 0.237952 0.104000 0.138554
1 0.455000 0.194277 0.026000 0.045181
1 0.350000 0.129518 0.036000 0.036145
2 0.272000 0.503012 0.052000 0.072289
2 0.320000 0.518072 0.060000 0.078313
2 0.524000 0.597892 0.052000 0.069277
5 0.219000 0.733434 0.050000 0.075301
5 0.352000 0.736446 0.068000 0.087349
5 0.643000 0.870482 0.102000 0.132530
7 0.637000 0.618976 0.274000 0.521084
7 0.267000 0.495482 0.262000 0.442771
