0 0.167000 0.642216 0.142000 0.709581
0 0.039000 0.637725 0.074000 0.718563
0 0.829000 0.657186 0.166000 0.679641
0 0.962000 0.579341 0.076000 0.392216
0 0.397000 0.600299 0.138000 0.607784
0 0.604000 0.640719 0.180000 0.712575
0 0.714000 0.625749 0.116000 0.580838
0 0.492000 0.598802 0.092000 0.497006
1 0.408000 0.326347 0.056000 0.059880
1 0.200000 0.327844 0.068000 0.086826
1 0.840000 0.353293 0.076000 0.077844
1 0.036000 0.323353 0.072000 0.089820
1 0.590000 0.320359 0.072000 0.077844
1 0.739000 0.366766 0.054000 0.068862
1 0.969000 0.404192 0.042000 0.035928
5 0.204000 0.937126 0.064000 0.029940
5 0.363000 0.884731 0.026000 0.038922
5 0.148000 0.976048 0.032000 0.035928
5 0.420000 0.865269 0.052000 0.041916
5 0.508000 0.817365 0.040000 0.041916
5 0.457000 0.827844 0.022000 0.038922
5 0.961000 0.751497 0.018000 0.029940
5 0.682000 0.881737 0.028000 0.032934
5 0.989000 0.757485 0.022000 0.035928
7 0.165000 0.679641 0.142000 0.580838
7 0.829000 0.678144 0.162000 0.505988
7 0.585000 0.691617 0.146000 0.604790
7 0.397000 0.639222 0.138000 0.494012
1 0.514000 0.378743 0.048000 0.050898
