0 0.127049 0.493808 0.188525 0.411765
0 0.371926 0.470588 0.145492 0.297214
0 0.532787 0.430341 0.114754 0.210526
0 0.647541 0.470588 0.204918 0.427245
1 0.676230 0.311146 0.069672 0.102167
1 0.405738 0.352941 0.040984 0.061920
1 0.108607 0.342105 0.069672 0.108359
1 0.496926 0.357585 0.038934 0.065015
2 0.717213 0.642415 0.032787 0.065015
2 0.637295 0.617647 0.036885 0.065015
2 0.074795 0.582043 0.038934 0.068111
2 0.486680 0.500000 0.022541 0.046440
2 0.134221 0.678019 0.034836 0.043344
2 0.423156 0.504644 0.022541 0.043344
2 0.508197 0.493808 0.020492 0.046440
2 0.435451 0.472136 0.022541 0.040248
5 0.725410 0.681115 0.032787 0.043344
7 0.647541 0.490712 0.204918 0.306502
7 0.128074 0.526316 0.190574 0.291022
7 0.359631 0.448916 0.112705 0.167183
6 0.544057 0.427245 0.079918 0.154799
