0 0.045028 0.548333 0.090056 0.510000
0 0.187617 0.490000 0.131332 0.600000
0 0.543152 0.418333 0.076923 0.250000
0 0.391182 0.460000 0.121951 0.400000
0 0.760788 0.620000 0.174484 0.753333
0 0.467167 0.375000 0.086304 0.203333
0 0.335835 0.490000 0.195122 0.453333
1 0.206379 0.246667 0.086304 0.106667
1 0.727017 0.296667 0.076923 0.093333
1 0.022514 0.326667 0.045028 0.060000
1 0.544090 0.320000 0.041276 0.060000
1 0.303940 0.311667 0.075047 0.090000
1 0.477486 0.303333 0.043152 0.060000
1 0.409006 0.296667 0.067542 0.073333
5 0.063790 0.780000 0.041276 0.033333
7 0.760788 0.693333 0.174484 0.600000
7 0.185741 0.560000 0.131332 0.453333
6 0.299250 0.550000 0.118199 0.326667
