0 0.533000 0.581136 0.154000 0.423935
0 0.272000 0.732252 0.372000 0.535497
0 0.777000 0.484787 0.318000 0.490872
0 0.336000 0.423935 0.184000 0.259635
1 0.731000 0.265720 0.070000 0.048682
1 0.371000 0.321501 0.082000 0.050710
1 0.548000 0.391481 0.056000 0.044625
1 0.377000 0.500000 0.094000 0.075051
2 0.642000 0.479716 0.048000 0.050710
2 0.585000 0.515213 0.046000 0.032454
2 0.432000 0.809331 0.044000 0.032454
2 0.125000 0.661258 0.074000 0.056795
5 0.511000 0.778905 0.070000 0.032454
7 0.518000 0.601420 0.124000 0.367140
6 0.784000 0.381339 0.296000 0.178499
