0 0.417000 0.674699 0.134000 0.626506
0 0.113000 0.698795 0.122000 0.578313
0 0.912000 0.570783 0.100000 0.472892
0 0.533000 0.671687 0.142000 0.650602
0 0.968000 0.614458 0.064000 0.487952
0 0.654000 0.709337 0.136000 0.575301
0 0.261000 0.682229 0.142000 0.599398
0 0.331000 0.581325 0.062000 0.355422
0 0.455000 0.579819 0.058000 0.376506
1 0.983000 0.390060 0.034000 0.045181
1 0.917000 0.368976 0.038000 0.045181
5 0.142000 0.939759 0.028000 0.048193
5 0.562000 0.942771 0.024000 0.054217
5 0.982000 0.837349 0.024000 0.036145
5 0.090000 0.974398 0.024000 0.033133
5 0.266000 0.960843 0.024000 0.036145
5 0.453000 0.969880 0.046000 0.024096
5 0.522000 0.978916 0.024000 0.036145
5 0.637000 0.993976 0.026000 0.012048
5 0.734000 0.849398 0.020000 0.024096
5 0.911000 0.796687 0.022000 0.021084
5 0.239000 0.935241 0.022000 0.039157
5 0.394000 0.972892 0.028000 0.030120
5 0.317000 0.750000 0.022000 0.018072
5 0.205000 0.862952 0.026000 0.051205
5 0.668000 0.990964 0.024000 0.018072
5 0.933000 0.781627 0.014000 0.021084
5 0.588000 0.855422 0.016000 0.024096
