0 0.661000 0.694667 0.102000 0.445333
0 0.489000 0.702667 0.114000 0.429333
0 0.057000 0.742667 0.114000 0.514667
0 0.889000 0.704000 0.222000 0.592000
0 0.200000 0.690667 0.120000 0.458667
0 0.822000 0.710667 0.124000 0.493333
0 0.362000 0.732000 0.116000 0.536000
0 0.287000 0.678667 0.082000 0.402667
5 0.790000 0.942667 0.060000 0.024000
5 0.238000 0.886667 0.040000 0.034667
5 0.530000 0.902667 0.028000 0.029333
5 0.656000 0.902667 0.048000 0.029333
5 0.474000 0.898667 0.032000 0.026667
5 0.163000 0.906667 0.038000 0.032000
5 0.294000 0.858667 0.036000 0.021333
5 0.626000 0.890667 0.044000 0.021333
