0 0.696667 0.648973 0.122222 0.654110
0 0.295556 0.717466 0.191111 0.517123
1 0.677778 0.357877 0.062222 0.078767
1 0.362222 0.498288 0.053333 0.071918
2 0.722222 0.707192 0.026667 0.051370
2 0.648889 0.462329 0.031111 0.047945
5 0.700000 0.952055 0.062222 0.041096
5 0.237778 0.955479 0.071111 0.041096
5 0.672222 0.919521 0.042222 0.030822
7 0.700000 0.679795 0.111111 0.517123
7 0.277778 0.727740 0.151111 0.441781
7 0.297778 0.717466 0.200000 0.517123
7 0.697778 0.643836 0.124444 0.657534
2 0.341111 0.727740 0.037778 0.044521
