0 0.760000 0.333962 0.120000 0.267925
0 0.233750 0.766038 0.147500 0.279245
0 0.471250 0.573585 0.142500 0.279245
1 0.763750 0.215094 0.027500 0.030189
1 0.231250 0.647170 0.027500 0.033962
1 0.476250 0.456604 0.027500 0.045283
5 0.411250 0.698113 0.017500 0.030189
5 0.170000 0.884906 0.020000 0.033962
5 0.737500 0.450943 0.025000 0.026415
5 0.201250 0.856604 0.012500 0.030189
5 0.450000 0.667925 0.015000 0.030189
5 0.716250 0.458491 0.017500 0.026415
7 0.753750 0.347170 0.112500 0.233962
7 0.470000 0.584906 0.135000 0.233962
7 0.226250 0.773585 0.132500 0.218868
