0 0.241667 0.533929 0.150000 0.846429
0 0.344048 0.482143 0.083333 0.442857
0 0.823810 0.562500 0.171429 0.867857
0 0.455952 0.492857 0.140476 0.750000
0 0.679762 0.546429 0.150000 0.785714
1 0.210714 0.153571 0.083333 0.092857
1 0.805952 0.171429 0.078571 0.078571
1 0.673810 0.182143 0.076190 0.064286
1 0.342857 0.282143 0.042857 0.042857
1 0.636905 0.251786 0.040476 0.067857
1 0.439286 0.150000 0.059524 0.064286
5 0.709524 0.908929 0.042857 0.060714
5 0.851190 0.978571 0.069048 0.042857
5 0.948810 0.748214 0.054762 0.032143
5 0.440476 0.819643 0.052381 0.060714
5 0.496429 0.839286 0.050000 0.050000
5 0.261905 0.882143 0.042857 0.042857
5 0.778571 0.925000 0.076190 0.042857
5 0.644048 0.857143 0.078571 0.042857
5 0.533333 0.687500 0.023810 0.039286
5 0.334524 0.682143 0.016667 0.042857
5 0.355952 0.683929 0.021429 0.039286
5 0.246429 0.933929 0.088095 0.046429
