0 0.105000 0.606667 0.206000 0.786667
0 0.682000 0.648000 0.152000 0.704000
0 0.274000 0.630667 0.136000 0.733333
0 0.863000 0.622667 0.170000 0.626667
0 0.593000 0.590667 0.102000 0.573333
0 0.941000 0.662667 0.118000 0.674667
1 0.110000 0.270667 0.152000 0.114667
1 0.272000 0.302667 0.096000 0.077333
1 0.946000 0.370667 0.072000 0.090667
2 0.327000 0.510667 0.026000 0.056000
5 0.810000 0.854667 0.064000 0.040000
5 0.885000 0.912000 0.034000 0.048000
5 0.300000 0.952000 0.056000 0.048000
5 0.025000 0.862667 0.042000 0.034667
5 0.595000 0.854667 0.050000 0.045333
5 0.572000 0.816000 0.048000 0.032000
5 0.263000 0.992000 0.070000 0.016000
