0 0.367901 0.607407 0.187654 0.525926
0 0.839506 0.638889 0.217284 0.714815
0 0.483951 0.557407 0.118519 0.448148
0 0.693827 0.622222 0.098765 0.555556
0 0.606173 0.581481 0.111111 0.385185
1 0.692593 0.366667 0.046914 0.051852
1 0.859259 0.318519 0.083951 0.074074
1 0.412346 0.374074 0.049383 0.044444
1 0.492593 0.353704 0.037037 0.040741
1 0.618519 0.414815 0.037037 0.037037
5 0.341975 0.853704 0.027160 0.033333
5 0.704938 0.879630 0.027160 0.048148
5 0.772840 0.920370 0.074074 0.040741
5 0.672840 0.818519 0.041975 0.029630
5 0.416049 0.829630 0.032099 0.029630
5 0.840741 0.962963 0.037037 0.059259
5 0.567901 0.764815 0.034568 0.025926
5 0.493827 0.748148 0.029630 0.044444
5 0.618519 0.764815 0.022222 0.025926
5 0.440741 0.766667 0.027160 0.029630
5 0.496296 0.755556 0.024691 0.029630
