0 0.342969 0.542188 0.085938 0.418750
0 0.525000 0.532813 0.109375 0.490625
0 0.402344 0.517969 0.070312 0.339062
0 0.453125 0.503125 0.053125 0.265625
0 0.571875 0.500000 0.068750 0.431250
1 0.339844 0.353125 0.035937 0.040625
1 0.396875 0.368750 0.028125 0.040625
1 0.559375 0.311719 0.034375 0.051562
1 0.521875 0.308594 0.037500 0.042188
1 0.440625 0.384375 0.025000 0.025000
5 0.518750 0.764844 0.025000 0.026562
5 0.465625 0.606250 0.018750 0.028125
5 0.400000 0.675000 0.021875 0.021875
5 0.440625 0.627344 0.015625 0.014063
5 0.343750 0.737500 0.021875 0.025000
5 0.543750 0.743750 0.018750 0.034375
5 0.421875 0.681250 0.018750 0.015625
5 0.575000 0.646875 0.018750 0.015625
5 0.358594 0.715625 0.017188 0.025000
