0 0.329688 0.500000 0.418750 0.996875
0 0.754687 0.543750 0.318750 0.878125
0 0.189844 0.580469 0.064062 0.195312
0 0.596875 0.542188 0.240625 0.821875
0 0.240625 0.596875 0.050000 0.212500
1 0.306250 0.080469 0.112500 0.154688
1 0.712500 0.214844 0.146875 0.220312
1 0.600000 0.203125 0.087500 0.146875
1 0.175000 0.496875 0.021875 0.025000
2 0.280469 0.490625 0.060937 0.100000
2 0.640625 0.648438 0.081250 0.112500
2 0.693750 0.581250 0.043750 0.050000
5 0.751563 0.959375 0.059375 0.050000
5 0.705469 0.896875 0.042188 0.065625
5 0.457813 0.967969 0.090625 0.064062
5 0.396875 0.965625 0.037500 0.065625
7 0.327344 0.574219 0.414062 0.757812
7 0.181250 0.590625 0.056250 0.140625
7 0.234375 0.605469 0.043750 0.157812
