0 0.633594 0.606250 0.248438 0.784375
0 0.083594 0.481250 0.164062 0.681250
0 0.471875 0.543750 0.162500 0.906250
0 0.334375 0.564844 0.150000 0.654687
0 0.226562 0.517188 0.131250 0.612500
1 0.346875 0.280469 0.059375 0.085938
1 0.078125 0.187500 0.059375 0.093750
1 0.481250 0.139063 0.068750 0.093750
1 0.664844 0.275000 0.085938 0.121875
1 0.218750 0.262500 0.050000 0.100000
2 0.012500 0.503125 0.021875 0.050000
2 0.131250 0.515625 0.021875 0.050000
2 0.721875 0.742969 0.065625 0.192188
2 0.415625 0.583594 0.021875 0.095312
2 0.177344 0.500000 0.020313 0.087500
2 0.503125 0.626563 0.034375 0.103125
5 0.424219 0.928125 0.067187 0.050000
5 0.115625 0.751563 0.040625 0.125000
5 0.037500 0.750000 0.053125 0.140625
5 0.489063 0.961719 0.062500 0.076563
5 0.371875 0.850000 0.034375 0.078125
5 0.306250 0.814844 0.053125 0.067187
5 0.246094 0.786719 0.035937 0.070312
5 0.192969 0.771875 0.064062 0.087500
6 0.456250 0.403125 0.128125 0.315625
6 0.218750 0.425000 0.109375 0.212500
6 0.628125 0.621875 0.240625 0.471875
6 0.083594 0.392969 0.164062 0.282813
6 0.480469 0.418750 0.145313 0.340625
6 0.352344 0.503125 0.089063 0.296875
