0 0.162500 0.493750 0.165625 0.784375
0 0.771094 0.642969 0.126562 0.567187
0 0.637500 0.550000 0.150000 0.518750
0 0.474219 0.490625 0.135937 0.628125
0 0.585938 0.496875 0.109375 0.496875
0 0.314844 0.511719 0.126562 0.595313
0 0.392969 0.456250 0.120313 0.443750
1 0.784375 0.396875 0.053125 0.068750
1 0.475000 0.225000 0.046875 0.090625
1 0.398438 0.262500 0.034375 0.043750
1 0.317969 0.249219 0.045312 0.067187
1 0.170313 0.146094 0.059375 0.089063
1 0.606250 0.290625 0.043750 0.081250
2 0.262500 0.573438 0.018750 0.040625
2 0.668750 0.637500 0.025000 0.056250
2 0.361719 0.549219 0.029687 0.035937
2 0.117188 0.562500 0.028125 0.062500
2 0.777344 0.446875 0.035937 0.040625
2 0.526563 0.505469 0.025000 0.023438
2 0.115625 0.550000 0.028125 0.087500
2 0.579688 0.437500 0.021875 0.031250
2 0.800000 0.725000 0.025000 0.040625
5 0.500000 0.745313 0.037500 0.115625
5 0.282813 0.755469 0.031250 0.101562
5 0.218750 0.778125 0.040625 0.087500
5 0.442188 0.749219 0.043750 0.107813
5 0.358594 0.753125 0.029687 0.109375
5 0.134375 0.825000 0.043750 0.125000
5 0.612500 0.705469 0.028125 0.079687
5 0.553125 0.700000 0.043750 0.087500
5 0.662500 0.767188 0.037500 0.040625
5 0.783594 0.893750 0.026562 0.028125
5 0.686719 0.782813 0.048438 0.056250
6 0.465625 0.412500 0.125000 0.268750
6 0.155469 0.368750 0.148438 0.312500
6 0.471875 0.411719 0.131250 0.260937
3 0.777344 0.449219 0.039062 0.042188
6 0.309375 0.460938 0.109375 0.253125
6 0.400000 0.405469 0.068750 0.207813
6 0.599219 0.434375 0.085938 0.196875
6 0.768750 0.583594 0.109375 0.248438
7 0.661719 0.568750 0.101562 0.365625
