0 0.565625 0.617969 0.275000 0.607812
0 0.777344 0.614844 0.239063 0.698438
0 0.282813 0.564063 0.368750 0.725000
1 0.565625 0.340625 0.100000 0.056250
1 0.379688 0.321875 0.106250 0.065625
5 0.365625 0.907813 0.093750 0.028125
5 0.484375 0.893750 0.106250 0.043750
5 0.655469 0.896094 0.095312 0.045312
5 0.728125 0.909375 0.093750 0.037500
5 0.771875 0.937500 0.065625 0.050000
1 0.714844 0.302344 0.117188 0.067187
6 0.318750 0.467969 0.212500 0.229687
6 0.551562 0.503125 0.225000 0.190625
6 0.787500 0.477344 0.215625 0.226562
