0 0.503125 0.825000 0.184375 0.340625
0 0.227344 0.684375 0.179688 0.418750
0 0.676562 0.696875 0.150000 0.518750
0 0.505469 0.589063 0.070312 0.165625
1 0.696875 0.465625 0.050000 0.056250
1 0.274219 0.506250 0.039062 0.059375
1 0.509375 0.520312 0.028125 0.025000
1 0.425000 0.730469 0.034375 0.085938
2 0.289844 0.690625 0.020313 0.031250
2 0.640625 0.740625 0.043750 0.050000
2 0.484375 0.903125 0.034375 0.068750
5 0.290625 0.862500 0.050000 0.059375
5 0.611719 0.875000 0.039062 0.043750
5 0.689844 0.917969 0.042188 0.076563
7 0.526563 0.825000 0.140625 0.337500
7 0.681250 0.737500 0.140625 0.418750
7 0.221875 0.696094 0.162500 0.370312
7 0.227344 0.684375 0.179688 0.415625
