0 0.301563 0.508594 0.278125 0.973437
0 0.704688 0.517188 0.409375 0.965625
1 0.681250 0.073438 0.068750 0.078125
1 0.317969 0.065625 0.067187 0.090625
2 0.192969 0.502344 0.054688 0.089063
2 0.883594 0.337500 0.045312 0.059375
2 0.525000 0.086719 0.050000 0.082812
2 0.414844 0.167969 0.048438 0.095312
5 0.208594 0.946875 0.079687 0.090625
5 0.671094 0.952344 0.076563 0.095312
5 0.314844 0.939844 0.107813 0.089063
5 0.762500 0.956250 0.050000 0.087500
7 0.712500 0.515625 0.384375 0.831250
7 0.284375 0.536719 0.250000 0.798438
